0.229416 0.458831 0.458831 0.458831 0.458831 0.458831 0.458831 0.458831 0.458831 0.458831 
0.229416 0.433971 0.362082 0.250957 0.112636 -0.037890 -0.184311 -0.310758 -0.403530 -0.452574 
0.229416 0.362082 0.112636 -0.184311 -0.403530 -0.452574 -0.310758 -0.037890 0.250957 0.433971 
0.229416 0.250957 -0.184311 -0.452574 -0.310758 0.112636 0.433971 0.362082 -0.037890 -0.403530 
0.229416 0.112636 -0.403530 -0.310758 0.250957 0.433971 -0.037890 -0.452574 -0.184311 0.362082 
0.229416 -0.037890 -0.452574 0.112636 0.433971 -0.184311 -0.403530 0.250957 0.362082 -0.310758 
0.229416 -0.184311 -0.310758 0.433971 -0.037890 -0.403530 0.362082 0.112636 -0.452574 0.250957 
0.229416 -0.310758 -0.037890 0.362082 -0.452574 0.250957 0.112636 -0.403530 0.433971 -0.184311 
0.229416 -0.403530 0.250957 -0.037890 -0.184311 0.362082 -0.452574 0.433971 -0.310758 0.112636 
0.229416 -0.452574 0.433971 -0.403530 0.362082 -0.310758 0.250957 -0.184311 0.112636 -0.037890 
